

mere : 176 105 145 48 38 54 15 193 143 29 83 57 45 35 185 78 156 127 127 95 73 188 142 125 126 171 35 
pere : 104 91 160 129 49 130 146 170 147 59 121 154 92 167 185 82 109 50 2 72 21 56 26 40 103 51 138 
brother : 177 152 30 166 105 115 16 162 66 152 176 69 59 86 18 200 157 80 57 68 32 106 39 125 163 193 95 
fils : 
6 105 145 48 38 130 15 48 143 57 83 57 92 167 185 82 109 50 127 95 21 56 142 40 126 51 138      
104 91 160 129 49 54 15 170 143 29 83 57 45 167 185 81 156 50 2 95 73 188 142 125 103 61 138      
176 105 160 79 38 54 92 170 147 29 83 57 92 35 185 82 156 50 74 72 73 56 142 125 103 171 35      
177 38 30 91 105 54 15 162 66 152 83 69 45 86 185 78 157 80 127 68 24 106 142 125 163 171 95      
176 105 145 166 105 115 16 193 143 29 176 69 45 86 185 200 157 80 127 68 73 188 142 125 126 171 95      
177 105 145 48 105 54 15 162 66 29 176 16 59 86 185 78 156 127 127 68 32 106 142 125 163 171 95      
177 152 160 166 49 9 146 162 66 152 176 154 59 23 18 200 157 50 2 72 21 106 26 40 103 51 95      
177 91 160 166 105 115 16 92 147 152 176 154 59 167 18 200 109 80 57 68 21 56 26 40 163 51 138      
177 91 160 166 105 115 16 10 147 152 176 1 59 86 18 82 96 80 57 68 32 56 39 40 103 51 95      



